threads time
1       42277
1       42631
10      4403
10      4451
11      4052
11      4241
12      3785
12      3971
13      3990
13      4398
14      4084
14      4292
15      3697
15      3825
16      3484
16      3601
17      3405
17      3452
18      3328
18      3342
19      3190
19      3252
2       21460
2       21616
20      3059
20      3070
21      2951
21      3013
22      2850
22      2874
23      2751
23      2896
24      2703
24      2977
25      2865
25      2961
26      2863
26      2943
27      2919
27      2942
28      2872
28      2909
29      2812
29      2928
3       14235
3       14316
30      2874
30      2962
4       10791
4       11234
5       10593
5       8880
6       7303
6       7615
7       6349
7       6425
8       5460
8       5521
9       4877
9       4979
